camera
0.0 0.0 0.0
0.0 0.0 -100.0
0.0 1.0 0.0
30.0

ambientLight
0.1 0.1 0.1

pointLight
0.0 200.0 0.0
10.0 10.0 -30.0

pointLight
0.0 0.0 200.0
-5.0 0.0 -20.0

material
1.0 1.0 1.0
200.0
0.9

triangle
-10.0 -15.0 -60.0
20.0 -15.0 -50.0
20.0 15.0 -50.0

triangle
-10.0 -15.0 -60.0
20.0 15.0 -50.0
-10.0 15.0 -60.0

material
1.0 1.0 1.0
50.0
0.9

triangle
-10.0 -5.0 -40.0
2.0 -5.0 -40.0
2.0 5.0 -40.0

triangle
-10.0 -5.0 -40.0
2.0 5.0 -40.0
-10.0 5.0 -40.0

material
1.0 1.0 1.0
50.0
0.5

sphere
-5.0 0.0 -45.0
2.5